Input: {388,62,900,770,178,400,867,504,84,240,707,136,411}
Input: {143,223,978,267,334,532,413,631,571,369,827,74,777,732,313,853,338,286,873,154,6,968}
Input: {303,683,985,885,283,744,871,949,346,452,145,908,547,891,260,433,652,547,903,870,89,675,215,974,98}
Input: {841,597,18,705,248,395,213,316,152,534,766,603}
Input: {795,545,365,86,460,27,462,89,619,363,255,957,346,767,638,710,822,644,853}
Input: {924,813,504,647,952,548,314,845,336,650,740}
Input: {330,154,651,803,730,282,357,526,866,270,546,931,27,385,530,445,676,829,469,605,977,963}
Input: {620,168,856,717,455,322,172,936,972,446,797}
Input: {168,611,108,679,951,845,808,502,136,754,524,957,736,205}
Input: {793,745,555,181,299,689,735,567,663,381,161,295,363,252}
Input: {853,458,441,893,757,237,429,803,871,207,673,675,643,84,99,84,40,723,314,87,978,824}
Input: {954,813,705,626,212,872,722,124,452,120,130,837,497,809,850}
Input: {905,116,889,6,510,907,562,280,463,762}
Input: {736,409,296,741,24,546,359,863,478,145,101,7,741}
Input: {326,807,299,625,953,201,97,469,874,130,764,561,304,680,361,753,782,18,16,954}
Input: {347,59,719,79,574,64,285,369,948,458,160,343,694,729,92,64}
Input: {694,525,983,352,138,270,904,877,581,805,638}
Input: {716,6,153,236,604,731,865,178,49,233,60,17,298,892,165,96,345,653,744,677,164,989}
Input: {429,214,900,646,57,703,552,308,260,674,245,259,622,992,915,203,818,895}
Input: {720,148,751,28,261,92,2,302,197,371,105,203}
Input: {995,719,104,298,610,456,537,294,169,757}
Input: {216,878,395,341,721,70,679,375,89,669,675,73,212,430,409,29,160,230}
Input: {473,387,139,55,551,684,894,526,907,226,450,737,403,844,818,165,923,948}
Input: {789,693,568,850,742,191,146,39,993,327,865,465,483,890,862,216,891,458,544,145,966}
Input: {688,709,602,71,87,57,327,769,709,17,496,624,575,3,215}
Input: {469,930,795,908,319,744,351,311,329,36,356,182,189,5}
Input: {913,937,355,683,1,889,816,295,623,884,67,21,865,717}
Input: {92,529,45,159,490,814,932,272,147,673,972,906,842,549,437}
Input: {694,699,813,231,656,532,31,417,727,279,326,237,588}
Input: {673,880,341,565,211,881,317,893,803,612,99,854,293,610,23,125,945,326,265}
Input: {530,643,217,99,245,716,786,668,748,763,421}
Input: {911,480,887,847,103,735,568,157,841,391,978,719,184,352,347,261}
Input: {466,152,367,90,765,813,113,744,951,485}
Input: {638,879,268,925,655,350,945,324,624,524,480,15,746,451}
Input: {562,360,613,515,549,304,220,652,37,793,766,105,16,869,164,359,56,871,620,940,266}
Input: {112,690,778,363,479,350,339,789,967,46,301,797,637,902,705,126,976,782,340,167,282,887,684,66}
Input: {297,686,660,754,672,840,922,478,831,28,882,883,754,479,30,996,224,549}
Input: {310,144,652,285,888,493,334,34,719,444,124}
Input: {895,52,619,190,491,771,939,12,474,727,140,271,422,901,967,988,62,95,712,688,881,918,422,99,911}
Input: {567,921,535,274,682,945,576,270,764,275,331,323,318,334,209}
Input: {216,975,11,170,502,144,447,218,839,609,891,300,624,396,938}
Input: {310,176,101,41,6,108,162,95,831,611,832,933,356}
Input: {598,263,415,971,917,156,525,57,669,633,746,129,697,938,735,428,219,265,704,699,576,408}
Input: {906,172,129,658,456,214,995,861,696,461,815}
Input: {104,175,903,839,686,622,320,69,466,84,341,618,263,607,719,175,321,917}
Input: {446,969,261,609,930,641,585,188,530,360,658,154,514,168,342,727,620,960,289,443,324,559,35,9}
Input: {621,989,162,1,101,455,332,498,840,412,207,306,831,446,135,714,678,188,519,849,793,355,405,566,89}
Input: {155,554,866,736,362,490,151,812,471,763,616,64}
Input: {858,548,442,837,578,804,506,747,799,132,501,272,847,724,313,130,892,262}
Input: {113,723,194,889,902,102,140,225,839,191,119,87,400,449,857,829}